x1,x2,d1,d2,d3
0.12668376654863295,0.6995078510466237,1,0,0
0.20208912171098564,0.7439298226549576,1,0,0
0.25494616990321517,0.6933504767392712,1,0,0
0.21496936076690937,0.8867428953074341,1,0,0
0.26747214171820427,0.6387357641378283,1,0,0
0.13244013528186227,0.883953175433712,1,0,0
0.15341287711341586,0.7629557458360472,1,0,0
0.21568373843919098,0.7527252023941422,1,0,0
0.19840312420765754,0.8468625667301222,1,0,0
0.2161634111503794,0.8328059346363692,1,0,0
0.2517636413029455,0.7695648242121297,1,0,0
0.29959697816514597,0.6977553112288616,1,0,0
0.1979729760248259,0.6302263921087018,1,0,0
0.15321133394024947,0.740176331071166,1,0,0
0.2670111374277865,0.6780587336333563,1,0,0
0.2804531046171065,0.7583872739460236,1,0,0
0.11080558302455781,0.734077329762078,1,0,0
0.14547158516628442,0.6549716165212209,1,0,0
0.21529633499754913,0.7737994664848938,1,0,0
0.2196750952982539,0.6111135141477894,1,0,0
0.1210945168063755,0.6004585825197932,1,0,0
0.12361774249085962,0.6553644775289019,1,0,0
0.21327845127425538,0.7223420343739219,1,0,0
0.23910585183814603,0.627091408882437,1,0,0
0.18111778830216255,0.8686257837847793,1,0,0
0.2173677904259672,0.699940161153894,1,0,0
0.2254498006728586,0.7300773558008193,1,0,0
0.291648961185046,0.6286962462528874,1,0,0
0.2735245548310214,0.8550292696655954,1,0,0
0.18756132666839326,0.8252078760236149,1,0,0
0.12492027003025788,0.7307022019003768,1,0,0
0.1846424194106146,0.7313581624617945,1,0,0
0.1649104711417546,0.6147961697718742,1,0,0
0.12848353496911694,0.7348316247563862,1,0,0
0.10451646080911657,0.8304335286856821,1,0,0
0.20494606620640732,0.6570015271296068,1,0,0
0.23734149778215083,0.7230915423842975,1,0,0
0.24408467157865243,0.6676278125748123,1,0,0
0.10583361467266997,0.6621679031701566,1,0,0
0.2549505747405433,0.7501513664281996,1,0,0
0.11506818890063096,0.6895671571464533,1,0,0
0.28359152038787017,0.8646661685295707,1,0,0
0.22293068843177993,0.7273792221010908,1,0,0
0.14267296236641258,0.6568943022803708,1,0,0
0.10726537879699696,0.8861215170215855,1,0,0
0.13344492881407427,0.8761876782746677,1,0,0
0.13946070189378512,0.6846248188837616,1,0,0
0.10438447460289563,0.6481836162592743,1,0,0
0.26016117109975334,0.7383109537701594,1,0,0
0.29140389408402634,0.7361440370290757,1,0,0
0.5146416728833219,0.3289413325056773,0,1,0
0.35863207119689905,0.34549165440167146,0,1,0
0.4304077697165173,0.3780232441398228,0,1,0
0.3715219918913502,0.48735631907929255,0,1,0
0.3760899138865563,0.40342041208054563,0,1,0
0.4039567436924312,0.4052006069374661,0,1,0
0.5860506340343686,0.3924141082480711,0,1,0
0.3679349297791005,0.37581767992550863,0,1,0
0.5766071998378585,0.2646884314810034,0,1,0
0.525514035355508,0.37277766728639117,0,1,0
0.4783778848774181,0.33088012758781593,0,1,0
0.5207092017332451,0.4032976454833279,0,1,0
0.5120752030863707,0.3072265702855286,0,1,0
0.4686432504875206,0.4558219730669628,0,1,0
0.4808948814445455,0.2930717232571873,0,1,0
0.4618004944875361,0.3105489819205288,0,1,0
0.5075972640527812,0.3880870605303672,0,1,0
0.4051498424555008,0.28313122310558286,0,1,0
0.4013360110397475,0.338001295292124,0,1,0
0.4025133522556632,0.45791177798282323,0,1,0
0.3845895413675387,0.28267370290638094,0,1,0
0.5051040196024126,0.40217678357836906,0,1,0
0.5362196713968848,0.25691890444687215,0,1,0
0.4524345379230378,0.3678327844516694,0,1,0
0.47051845488152577,0.2904070641983495,0,1,0
0.383431811240484,0.46333513420309663,0,1,0
0.5519876343814016,0.41107630504962855,0,1,0
0.36711159747476013,0.3148149609837857,0,1,0
0.5894641529177406,0.25872746001557956,0,1,0
0.3504650022009703,0.4762828700001507,0,1,0
0.520299530721256,0.4979661225293338,0,1,0
0.5991310920395063,0.4850249185147254,0,1,0
0.5057682972050388,0.3108937555810977,0,1,0
0.41272690375900634,0.49118952724585974,0,1,0
0.36735319967171043,0.47008876046107007,0,1,0
0.49317793739504623,0.25886457669996793,0,1,0
0.501576084800605,0.35309808163818623,0,1,0
0.39852171643927375,0.2652746113676927,0,1,0
0.39284674767330996,0.3065069270230433,0,1,0
0.4445650186416381,0.4638765419700204,0,1,0
0.42060417506727193,0.4028467138667001,0,1,0
0.5881910162684229,0.3980221952164049,0,1,0
0.4816343712472389,0.2924325339590527,0,1,0
0.5232961492059811,0.27895045273044194,0,1,0
0.41736118666609434,0.46650064084191056,0,1,0
0.41303244504325587,0.4436936558519682,0,1,0
0.4312030280880515,0.31637708514959934,0,1,0
0.5320817851835283,0.3652249786341182,0,1,0
0.37428939586210125,0.45888779408024194,0,1,0
0.5556864440487239,0.3998626977472078,0,1,0
0.7604028492763785,0.8868086319861062,0,0,1
0.870565814602939,0.6931880514170725,0,0,1
0.7884024770888888,0.6938496077479126,0,0,1
0.8012567858615631,0.7285812871772708,0,0,1
0.8031558788312906,0.7178486850531265,0,0,1
0.8369631160948598,0.6738289163522188,0,0,1
0.7698881941488395,0.7121009422132746,0,0,1
0.8164672882437402,0.7824707084113138,0,0,1
0.8864017641422955,0.672124364438361,0,0,1
0.6986479311487337,0.701554737410093,0,0,1
0.8771443401668391,0.7315490672186302,0,0,1
0.7940940735869044,0.6960754757409072,0,0,1
0.6709532974788293,0.7494644211183842,0,0,1
0.8914331458421003,0.7779234401854851,0,0,1
0.6722978189554802,0.7857406149554566,0,0,1
0.747584505737241,0.679573039671866,0,0,1
0.721126392956654,0.6893268910121597,0,0,1
0.8350883846171352,0.7480495431486351,0,0,1
0.7719696787441903,0.8066460411460812,0,0,1
0.8178397192384399,0.7808786784905878,0,0,1
0.8029359415613232,0.8279892051524633,0,0,1
0.7658338405426695,0.752415324650114,0,0,1
0.8684992102761491,0.8943741052891679,0,0,1
0.7964452437858874,0.6634415435720462,0,0,1
0.7706128967921535,0.7252996278234776,0,0,1
0.8090746655542926,0.6603877145812831,0,0,1
0.6749154902147562,0.7149551553132729,0,0,1
0.7095463225235149,0.8915820455459751,0,0,1
0.8421256196105679,0.8056756570222915,0,0,1
0.6819732910163923,0.8710730758567415,0,0,1
0.735328548053892,0.7992210211871233,0,0,1
0.8395510517216674,0.6751614926569479,0,0,1
0.7593058791162526,0.8991341021090757,0,0,1
0.7808794501457611,0.6669030970805403,0,0,1
0.7941145115988486,0.7067182831881176,0,0,1
0.8209178523375367,0.7901880138846948,0,0,1
0.6756936382466195,0.8513843446131711,0,0,1
0.830801552116184,0.8558493912444356,0,0,1
0.7538286302377367,0.8460322140628567,0,0,1
0.896002533829859,0.873927991208614,0,0,1
0.7386628544213356,0.7172107459050217,0,0,1
0.6566711573008122,0.6815459633518809,0,0,1
0.7161429895808569,0.844385528519311,0,0,1
0.7101297514041192,0.8320695458824378,0,0,1
0.7365570323697589,0.6740158076444318,0,0,1
0.7095023967436295,0.8192452806109488,0,0,1
0.7583419782772304,0.8263510494260284,0,0,1
0.7788690196232657,0.8593764133323046,0,0,1
0.785553239822204,0.6604777393413335,0,0,1
0.695301555123646,0.7428883906502349,0,0,1
