x1,x2,d1,d2,d3
0.12668376654863295,0.6995078510466237,1,0,0
0.20208912171098564,0.7439298226549576,1,0,0
0.25494616990321517,0.6933504767392712,1,0,0
0.21496936076690937,0.8867428953074341,1,0,0
0.26747214171820427,0.6387357641378283,1,0,0
0.13244013528186227,0.883953175433712,1,0,0
0.15341287711341586,0.7629557458360472,1,0,0
0.21568373843919098,0.7527252023941422,1,0,0
0.19840312420765754,0.8468625667301222,1,0,0
0.2161634111503794,0.8328059346363692,1,0,0
0.2517636413029455,0.7695648242121297,1,0,0
0.29959697816514597,0.6977553112288616,1,0,0
0.1979729760248259,0.6302263921087018,1,0,0
0.15321133394024947,0.740176331071166,1,0,0
0.2670111374277865,0.6780587336333563,1,0,0
0.2804531046171065,0.7583872739460236,1,0,0
0.11080558302455781,0.734077329762078,1,0,0
0.14547158516628442,0.6549716165212209,1,0,0
0.21529633499754913,0.7737994664848938,1,0,0
0.2196750952982539,0.6111135141477894,1,0,0
0.1210945168063755,0.6004585825197932,1,0,0
0.12361774249085962,0.6553644775289019,1,0,0
0.21327845127425538,0.7223420343739219,1,0,0
0.23910585183814603,0.627091408882437,1,0,0
0.18111778830216255,0.8686257837847793,1,0,0
0.2173677904259672,0.699940161153894,1,0,0
0.2254498006728586,0.7300773558008193,1,0,0
0.291648961185046,0.6286962462528874,1,0,0
0.2735245548310214,0.8550292696655954,1,0,0
0.18756132666839326,0.8252078760236149,1,0,0
0.12492027003025788,0.7307022019003768,1,0,0
0.1846424194106146,0.7313581624617945,1,0,0
0.1649104711417546,0.6147961697718742,1,0,0
0.12848353496911694,0.7348316247563862,1,0,0
0.10451646080911657,0.8304335286856821,1,0,0
0.20494606620640732,0.6570015271296068,1,0,0
0.23734149778215083,0.7230915423842975,1,0,0
0.24408467157865243,0.6676278125748123,1,0,0
0.10583361467266997,0.6621679031701566,1,0,0
0.2549505747405433,0.7501513664281996,1,0,0
0.11506818890063096,0.6895671571464533,1,0,0
0.28359152038787017,0.8646661685295707,1,0,0
0.22293068843177993,0.7273792221010908,1,0,0
0.14267296236641258,0.6568943022803708,1,0,0
0.10726537879699696,0.8861215170215855,1,0,0
0.13344492881407427,0.8761876782746677,1,0,0
0.13946070189378512,0.6846248188837616,1,0,0
0.10438447460289563,0.6481836162592743,1,0,0
0.26016117109975334,0.7383109537701594,1,0,0
0.29140389408402634,0.7361440370290757,1,0,0
