x1,x2,d1,d2,d3
0.5146416728833219,0.3289413325056773,0,1,0
0.35863207119689905,0.34549165440167146,0,1,0
0.4304077697165173,0.3780232441398228,0,1,0
0.3715219918913502,0.48735631907929255,0,1,0
0.3760899138865563,0.40342041208054563,0,1,0
0.4039567436924312,0.4052006069374661,0,1,0
0.5860506340343686,0.3924141082480711,0,1,0
0.3679349297791005,0.37581767992550863,0,1,0
0.5766071998378585,0.2646884314810034,0,1,0
0.525514035355508,0.37277766728639117,0,1,0
0.4783778848774181,0.33088012758781593,0,1,0
0.5207092017332451,0.4032976454833279,0,1,0
0.5120752030863707,0.3072265702855286,0,1,0
0.4686432504875206,0.4558219730669628,0,1,0
0.4808948814445455,0.2930717232571873,0,1,0
0.4618004944875361,0.3105489819205288,0,1,0
0.5075972640527812,0.3880870605303672,0,1,0
0.4051498424555008,0.28313122310558286,0,1,0
0.4013360110397475,0.338001295292124,0,1,0
0.4025133522556632,0.45791177798282323,0,1,0
0.3845895413675387,0.28267370290638094,0,1,0
0.5051040196024126,0.40217678357836906,0,1,0
0.5362196713968848,0.25691890444687215,0,1,0
0.4524345379230378,0.3678327844516694,0,1,0
0.47051845488152577,0.2904070641983495,0,1,0
0.383431811240484,0.46333513420309663,0,1,0
0.5519876343814016,0.41107630504962855,0,1,0
0.36711159747476013,0.3148149609837857,0,1,0
0.5894641529177406,0.25872746001557956,0,1,0
0.3504650022009703,0.4762828700001507,0,1,0
0.520299530721256,0.4979661225293338,0,1,0
0.5991310920395063,0.4850249185147254,0,1,0
0.5057682972050388,0.3108937555810977,0,1,0
0.41272690375900634,0.49118952724585974,0,1,0
0.36735319967171043,0.47008876046107007,0,1,0
0.49317793739504623,0.25886457669996793,0,1,0
0.501576084800605,0.35309808163818623,0,1,0
0.39852171643927375,0.2652746113676927,0,1,0
0.39284674767330996,0.3065069270230433,0,1,0
0.4445650186416381,0.4638765419700204,0,1,0
0.42060417506727193,0.4028467138667001,0,1,0
0.5881910162684229,0.3980221952164049,0,1,0
0.4816343712472389,0.2924325339590527,0,1,0
0.5232961492059811,0.27895045273044194,0,1,0
0.41736118666609434,0.46650064084191056,0,1,0
0.41303244504325587,0.4436936558519682,0,1,0
0.4312030280880515,0.31637708514959934,0,1,0
0.5320817851835283,0.3652249786341182,0,1,0
0.37428939586210125,0.45888779408024194,0,1,0
0.5556864440487239,0.3998626977472078,0,1,0
