x1,x2,d1,d2,d3
0.7604028492763785,0.8868086319861062,0,0,1
0.870565814602939,0.6931880514170725,0,0,1
0.7884024770888888,0.6938496077479126,0,0,1
0.8012567858615631,0.7285812871772708,0,0,1
0.8031558788312906,0.7178486850531265,0,0,1
0.8369631160948598,0.6738289163522188,0,0,1
0.7698881941488395,0.7121009422132746,0,0,1
0.8164672882437402,0.7824707084113138,0,0,1
0.8864017641422955,0.672124364438361,0,0,1
0.6986479311487337,0.701554737410093,0,0,1
0.8771443401668391,0.7315490672186302,0,0,1
0.7940940735869044,0.6960754757409072,0,0,1
0.6709532974788293,0.7494644211183842,0,0,1
0.8914331458421003,0.7779234401854851,0,0,1
0.6722978189554802,0.7857406149554566,0,0,1
0.747584505737241,0.679573039671866,0,0,1
0.721126392956654,0.6893268910121597,0,0,1
0.8350883846171352,0.7480495431486351,0,0,1
0.7719696787441903,0.8066460411460812,0,0,1
0.8178397192384399,0.7808786784905878,0,0,1
0.8029359415613232,0.8279892051524633,0,0,1
0.7658338405426695,0.752415324650114,0,0,1
0.8684992102761491,0.8943741052891679,0,0,1
0.7964452437858874,0.6634415435720462,0,0,1
0.7706128967921535,0.7252996278234776,0,0,1
0.8090746655542926,0.6603877145812831,0,0,1
0.6749154902147562,0.7149551553132729,0,0,1
0.7095463225235149,0.8915820455459751,0,0,1
0.8421256196105679,0.8056756570222915,0,0,1
0.6819732910163923,0.8710730758567415,0,0,1
0.735328548053892,0.7992210211871233,0,0,1
0.8395510517216674,0.6751614926569479,0,0,1
0.7593058791162526,0.8991341021090757,0,0,1
0.7808794501457611,0.6669030970805403,0,0,1
0.7941145115988486,0.7067182831881176,0,0,1
0.8209178523375367,0.7901880138846948,0,0,1
0.6756936382466195,0.8513843446131711,0,0,1
0.830801552116184,0.8558493912444356,0,0,1
0.7538286302377367,0.8460322140628567,0,0,1
0.896002533829859,0.873927991208614,0,0,1
0.7386628544213356,0.7172107459050217,0,0,1
0.6566711573008122,0.6815459633518809,0,0,1
0.7161429895808569,0.844385528519311,0,0,1
0.7101297514041192,0.8320695458824378,0,0,1
0.7365570323697589,0.6740158076444318,0,0,1
0.7095023967436295,0.8192452806109488,0,0,1
0.7583419782772304,0.8263510494260284,0,0,1
0.7788690196232657,0.8593764133323046,0,0,1
0.785553239822204,0.6604777393413335,0,0,1
0.695301555123646,0.7428883906502349,0,0,1
