x1,x2,d1,d2,d3
0.2291815329522691,0.6104980747645783,1,0,0
0.23416924781528337,0.6471293443549846,1,0,0
0.14604645395449323,0.6232520049424215,1,0,0
0.16855570139671214,0.8804416721994637,1,0,0
0.13749653928572073,0.8503649839142106,1,0,0
0.2811138801132067,0.8392601974259827,1,0,0
0.21892987429589733,0.8758098423171718,1,0,0
0.1517865857040056,0.784286398524234,1,0,0
0.11349199213758904,0.8979142384934398,1,0,0
0.2717148045584697,0.6208016639540319,1,0,0
0.1888976420739571,0.710443307619987,1,0,0
0.21698802159054548,0.8060495077963732,1,0,0
0.15494231161281533,0.8198900190857632,1,0,0
0.256937286855,0.738431686140042,1,0,0
0.21764695934864597,0.6801262882626206,1,0,0
0.2766946297672769,0.7137457051876349,1,0,0
0.13199262104596415,0.7081106107076974,1,0,0
0.2704450742729593,0.6279930710135624,1,0,0
0.2587190695967343,0.8835874170522009,1,0,0
0.29345806386391776,0.7228554975619952,1,0,0
0.26569650180727983,0.6532872999579676,1,0,0
0.1317221383788159,0.8948871483306604,1,0,0
0.19046551236387815,0.7171723847359988,1,0,0
0.28269259162124105,0.6897203574681593,1,0,0
0.2697447458559942,0.8288577309840597,1,0,0
0.11241574114628193,0.7785061564115894,1,0,0
0.24503576632713306,0.8619772022866723,1,0,0
0.2537603970258225,0.8907223443876496,1,0,0
0.19761929644951542,0.6008248981373195,1,0,0
0.16888583934420315,0.8106380783301705,1,0,0
0.1433591833210691,0.6344383801877553,1,0,0
0.24907089411099212,0.7917641559728597,1,0,0
0.24944617052698825,0.8117731276397382,1,0,0
0.17449800301424315,0.6245695977541124,1,0,0
0.2992405730267166,0.6317923458153957,1,0,0
0.231400090427908,0.828306271387154,1,0,0
0.2641479304994536,0.7608719034593391,1,0,0
0.2965561092380784,0.791176826548734,1,0,0
0.14692210779981335,0.616856250142812,1,0,0
0.2831061201332804,0.6631846129489883,1,0,0
0.1310629369408047,0.8372319043926657,1,0,0
0.28856433336432186,0.6767482637521596,1,0,0
0.18467801069380096,0.8600915861062632,1,0,0
0.1354368196371027,0.8767005512012935,1,0,0
0.19938939995033242,0.6365619490550024,1,0,0
0.20614009675564277,0.8756802558130047,1,0,0
0.22203200593101577,0.6023707024219687,1,0,0
0.1494506824824332,0.7992772167480795,1,0,0
0.29305799543472955,0.8488727254015388,1,0,0
0.22805739235677885,0.7167644612502386,1,0,0
0.4738121452851331,0.3151432627990406,0,1,0
0.5977293600322146,0.304378519145065,0,1,0
0.43776443827537986,0.4253828770072595,0,1,0
0.5711792813825987,0.4110413159401375,0,1,0
0.5236839697953843,0.3161431218186258,0,1,0
0.48354298232213366,0.47246284693422824,0,1,0
0.42282262513272445,0.4760586652806468,0,1,0
0.4238864860603469,0.29476292219972233,0,1,0
0.5425668840281465,0.4132141794774242,0,1,0
0.4155364201291296,0.43649064917244274,0,1,0
0.49544401038582087,0.45107425205337426,0,1,0
0.3833753483800063,0.314477686519977,0,1,0
0.5524072914822906,0.4039998688588951,0,1,0
0.41567079222335185,0.26958716619485756,0,1,0
0.5143410554658783,0.468184973542098,0,1,0
0.5084383403650038,0.2986821561621598,0,1,0
0.48410175305730085,0.3221464275139251,0,1,0
0.5440356041278133,0.37346685386995554,0,1,0
0.3691085015096106,0.46844399639212714,0,1,0
0.5942901671100146,0.42837665275988895,0,1,0
0.49860151122461543,0.43861854217520646,0,1,0
0.3801968020060821,0.442908767780689,0,1,0
0.48374695051195504,0.4669246354963998,0,1,0
0.47254894776620193,0.4678098261599929,0,1,0
0.5021906454197187,0.4336645654318507,0,1,0
0.5867369085215268,0.44675172787865913,0,1,0
0.44842909121062435,0.4150548546707857,0,1,0
0.44805644475386075,0.39148344298108717,0,1,0
0.3710374487026271,0.4496579791863546,0,1,0
0.511031365635919,0.314238676515198,0,1,0
0.5318273102119855,0.2513206922353717,0,1,0
0.5632796177386291,0.47119730710653873,0,1,0
0.5970632645292964,0.3932076713866564,0,1,0
0.4600185901507864,0.44030728219713977,0,1,0
0.3951670341996715,0.39431612431135565,0,1,0
0.3771153317976845,0.43025258390111804,0,1,0
0.5726827645934939,0.2533364765240462,0,1,0
0.5641694790600069,0.3567155288064404,0,1,0
0.43337848546569463,0.406356259427777,0,1,0
0.5220314090849401,0.4261870794709678,0,1,0
0.5090618804252318,0.4377845616291767,0,1,0
0.4697455936894488,0.3167400323130526,0,1,0
0.36480658736458177,0.47772964221346026,0,1,0
0.4016720861480345,0.46917449908237474,0,1,0
0.4370734084530671,0.4342597806416426,0,1,0
0.5955732354677141,0.3679411629476475,0,1,0
0.595859784797905,0.32297720864242596,0,1,0
0.3563493271373003,0.395103306372528,0,1,0
0.38690757624185657,0.48704568329537856,0,1,0
0.48572647753519405,0.4714225843986918,0,1,0
0.6563612792947248,0.6844483838327351,0,0,1
0.7542297429563829,0.8822126281204284,0,0,1
0.7237543686325917,0.7056055224452836,0,0,1
0.8124888832556626,0.6638566339044012,0,0,1
0.7405901667646768,0.7619556365841396,0,0,1
0.7659275289042267,0.8112013541067372,0,0,1
0.6575496410458714,0.7538946389210743,0,0,1
0.826881702214661,0.7989767273902401,0,0,1
0.7533620290287841,0.8119342288133,0,0,1
0.8545249343650388,0.8482861214777927,0,0,1
0.7156529591367964,0.6794635482131689,0,0,1
0.7773296303252554,0.7370941592878406,0,0,1
0.8023355518124915,0.8773480342844597,0,0,1
0.7071992996547515,0.8571745887760382,0,0,1
0.7689356012646043,0.7896715701551291,0,0,1
0.8902995740472903,0.6522653915197633,0,0,1
0.8552787729772375,0.7427692960871244,0,0,1
0.8876372827523145,0.8537713448363593,0,0,1
0.7154735755531795,0.7739615778204207,0,0,1
0.8778816991864835,0.6508074230904057,0,0,1
0.8769862915743081,0.767964335546566,0,0,1
0.8536167722286931,0.7538802699869152,0,0,1
0.655432220965995,0.8724989473506717,0,0,1
0.6846832935632834,0.8440914284467169,0,0,1
0.7177855113776939,0.7004113372715364,0,0,1
0.721967841805806,0.7849693447479527,0,0,1
0.6967295909948273,0.7275561107261247,0,0,1
0.8976315511739378,0.8890278657524502,0,0,1
0.779367816304047,0.8364959399965258,0,0,1
0.7333108202917207,0.8095332578127062,0,0,1
0.8421694302286683,0.6857909876749586,0,0,1
0.67015571758567,0.886196738611274,0,0,1
0.722914692852622,0.8753426892076817,0,0,1
0.8504367035479758,0.7949122956432225,0,0,1
0.7855325147546294,0.7985108108272321,0,0,1
0.8033890844044097,0.7974088640400719,0,0,1
0.8901590688228304,0.829500021569462,0,0,1
0.8053279761428178,0.7429027970575319,0,0,1
0.7349942368272676,0.8067273510448514,0,0,1
0.7739371749899007,0.8421179996197606,0,0,1
0.8582592744113025,0.849729349982872,0,0,1
0.7318037388170255,0.7793884142714024,0,0,1
0.8002597703676502,0.7340193245516453,0,0,1
0.7132859774395555,0.7080953633475764,0,0,1
0.802157382109115,0.8657282440494924,0,0,1
0.6582341550263864,0.6898131203095409,0,0,1
0.7665844758400835,0.667876684419715,0,0,1
0.8646780274091959,0.8092497776434461,0,0,1
0.7626658498212756,0.8656016200586449,0,0,1
0.7591771238133601,0.883919625972042,0,0,1
