x1,x2,d1,d2,d3
0.2291815329522691,0.6104980747645783,1,0,0
0.23416924781528337,0.6471293443549846,1,0,0
0.14604645395449323,0.6232520049424215,1,0,0
0.16855570139671214,0.8804416721994637,1,0,0
0.13749653928572073,0.8503649839142106,1,0,0
0.2811138801132067,0.8392601974259827,1,0,0
0.21892987429589733,0.8758098423171718,1,0,0
0.1517865857040056,0.784286398524234,1,0,0
0.11349199213758904,0.8979142384934398,1,0,0
0.2717148045584697,0.6208016639540319,1,0,0
0.1888976420739571,0.710443307619987,1,0,0
0.21698802159054548,0.8060495077963732,1,0,0
0.15494231161281533,0.8198900190857632,1,0,0
0.256937286855,0.738431686140042,1,0,0
0.21764695934864597,0.6801262882626206,1,0,0
0.2766946297672769,0.7137457051876349,1,0,0
0.13199262104596415,0.7081106107076974,1,0,0
0.2704450742729593,0.6279930710135624,1,0,0
0.2587190695967343,0.8835874170522009,1,0,0
0.29345806386391776,0.7228554975619952,1,0,0
0.26569650180727983,0.6532872999579676,1,0,0
0.1317221383788159,0.8948871483306604,1,0,0
0.19046551236387815,0.7171723847359988,1,0,0
0.28269259162124105,0.6897203574681593,1,0,0
0.2697447458559942,0.8288577309840597,1,0,0
0.11241574114628193,0.7785061564115894,1,0,0
0.24503576632713306,0.8619772022866723,1,0,0
0.2537603970258225,0.8907223443876496,1,0,0
0.19761929644951542,0.6008248981373195,1,0,0
0.16888583934420315,0.8106380783301705,1,0,0
0.1433591833210691,0.6344383801877553,1,0,0
0.24907089411099212,0.7917641559728597,1,0,0
0.24944617052698825,0.8117731276397382,1,0,0
0.17449800301424315,0.6245695977541124,1,0,0
0.2992405730267166,0.6317923458153957,1,0,0
0.231400090427908,0.828306271387154,1,0,0
0.2641479304994536,0.7608719034593391,1,0,0
0.2965561092380784,0.791176826548734,1,0,0
0.14692210779981335,0.616856250142812,1,0,0
0.2831061201332804,0.6631846129489883,1,0,0
0.1310629369408047,0.8372319043926657,1,0,0
0.28856433336432186,0.6767482637521596,1,0,0
0.18467801069380096,0.8600915861062632,1,0,0
0.1354368196371027,0.8767005512012935,1,0,0
0.19938939995033242,0.6365619490550024,1,0,0
0.20614009675564277,0.8756802558130047,1,0,0
0.22203200593101577,0.6023707024219687,1,0,0
0.1494506824824332,0.7992772167480795,1,0,0
0.29305799543472955,0.8488727254015388,1,0,0
0.22805739235677885,0.7167644612502386,1,0,0
