x1,x2,d1,d2,d3
0.4738121452851331,0.3151432627990406,0,1,0
0.5977293600322146,0.304378519145065,0,1,0
0.43776443827537986,0.4253828770072595,0,1,0
0.5711792813825987,0.4110413159401375,0,1,0
0.5236839697953843,0.3161431218186258,0,1,0
0.48354298232213366,0.47246284693422824,0,1,0
0.42282262513272445,0.4760586652806468,0,1,0
0.4238864860603469,0.29476292219972233,0,1,0
0.5425668840281465,0.4132141794774242,0,1,0
0.4155364201291296,0.43649064917244274,0,1,0
0.49544401038582087,0.45107425205337426,0,1,0
0.3833753483800063,0.314477686519977,0,1,0
0.5524072914822906,0.4039998688588951,0,1,0
0.41567079222335185,0.26958716619485756,0,1,0
0.5143410554658783,0.468184973542098,0,1,0
0.5084383403650038,0.2986821561621598,0,1,0
0.48410175305730085,0.3221464275139251,0,1,0
0.5440356041278133,0.37346685386995554,0,1,0
0.3691085015096106,0.46844399639212714,0,1,0
0.5942901671100146,0.42837665275988895,0,1,0
0.49860151122461543,0.43861854217520646,0,1,0
0.3801968020060821,0.442908767780689,0,1,0
0.48374695051195504,0.4669246354963998,0,1,0
0.47254894776620193,0.4678098261599929,0,1,0
0.5021906454197187,0.4336645654318507,0,1,0
0.5867369085215268,0.44675172787865913,0,1,0
0.44842909121062435,0.4150548546707857,0,1,0
0.44805644475386075,0.39148344298108717,0,1,0
0.3710374487026271,0.4496579791863546,0,1,0
0.511031365635919,0.314238676515198,0,1,0
0.5318273102119855,0.2513206922353717,0,1,0
0.5632796177386291,0.47119730710653873,0,1,0
0.5970632645292964,0.3932076713866564,0,1,0
0.4600185901507864,0.44030728219713977,0,1,0
0.3951670341996715,0.39431612431135565,0,1,0
0.3771153317976845,0.43025258390111804,0,1,0
0.5726827645934939,0.2533364765240462,0,1,0
0.5641694790600069,0.3567155288064404,0,1,0
0.43337848546569463,0.406356259427777,0,1,0
0.5220314090849401,0.4261870794709678,0,1,0
0.5090618804252318,0.4377845616291767,0,1,0
0.4697455936894488,0.3167400323130526,0,1,0
0.36480658736458177,0.47772964221346026,0,1,0
0.4016720861480345,0.46917449908237474,0,1,0
0.4370734084530671,0.4342597806416426,0,1,0
0.5955732354677141,0.3679411629476475,0,1,0
0.595859784797905,0.32297720864242596,0,1,0
0.3563493271373003,0.395103306372528,0,1,0
0.38690757624185657,0.48704568329537856,0,1,0
0.48572647753519405,0.4714225843986918,0,1,0
