x1,x2,d1,d2,d3
0.6563612792947248,0.6844483838327351,0,0,1
0.7542297429563829,0.8822126281204284,0,0,1
0.7237543686325917,0.7056055224452836,0,0,1
0.8124888832556626,0.6638566339044012,0,0,1
0.7405901667646768,0.7619556365841396,0,0,1
0.7659275289042267,0.8112013541067372,0,0,1
0.6575496410458714,0.7538946389210743,0,0,1
0.826881702214661,0.7989767273902401,0,0,1
0.7533620290287841,0.8119342288133,0,0,1
0.8545249343650388,0.8482861214777927,0,0,1
0.7156529591367964,0.6794635482131689,0,0,1
0.7773296303252554,0.7370941592878406,0,0,1
0.8023355518124915,0.8773480342844597,0,0,1
0.7071992996547515,0.8571745887760382,0,0,1
0.7689356012646043,0.7896715701551291,0,0,1
0.8902995740472903,0.6522653915197633,0,0,1
0.8552787729772375,0.7427692960871244,0,0,1
0.8876372827523145,0.8537713448363593,0,0,1
0.7154735755531795,0.7739615778204207,0,0,1
0.8778816991864835,0.6508074230904057,0,0,1
0.8769862915743081,0.767964335546566,0,0,1
0.8536167722286931,0.7538802699869152,0,0,1
0.655432220965995,0.8724989473506717,0,0,1
0.6846832935632834,0.8440914284467169,0,0,1
0.7177855113776939,0.7004113372715364,0,0,1
0.721967841805806,0.7849693447479527,0,0,1
0.6967295909948273,0.7275561107261247,0,0,1
0.8976315511739378,0.8890278657524502,0,0,1
0.779367816304047,0.8364959399965258,0,0,1
0.7333108202917207,0.8095332578127062,0,0,1
0.8421694302286683,0.6857909876749586,0,0,1
0.67015571758567,0.886196738611274,0,0,1
0.722914692852622,0.8753426892076817,0,0,1
0.8504367035479758,0.7949122956432225,0,0,1
0.7855325147546294,0.7985108108272321,0,0,1
0.8033890844044097,0.7974088640400719,0,0,1
0.8901590688228304,0.829500021569462,0,0,1
0.8053279761428178,0.7429027970575319,0,0,1
0.7349942368272676,0.8067273510448514,0,0,1
0.7739371749899007,0.8421179996197606,0,0,1
0.8582592744113025,0.849729349982872,0,0,1
0.7318037388170255,0.7793884142714024,0,0,1
0.8002597703676502,0.7340193245516453,0,0,1
0.7132859774395555,0.7080953633475764,0,0,1
0.802157382109115,0.8657282440494924,0,0,1
0.6582341550263864,0.6898131203095409,0,0,1
0.7665844758400835,0.667876684419715,0,0,1
0.8646780274091959,0.8092497776434461,0,0,1
0.7626658498212756,0.8656016200586449,0,0,1
0.7591771238133601,0.883919625972042,0,0,1
